CARABANCHEL:


1	7,2     94	1	0
2	7,45	140	0	0
3	7,89	229	1	0
4	8,75	184	0	1	
5       6,84	154	0	0
6	6,97	192	1	0
7	7,67	264	2	1
8	7,86	176	0	1
9	8,24	204	2	1
10	7,33	217	1	0
11	7,96	171	2	0
12      8,21    164	0	1
13	7,25	156	0	0
14	6,34	114	0	1
15	8,13	271	1	0
16	7,89	208	4	1
17	6,69	262	2	0
18	7,97	234	3	1
19	7,67	241	1	0
20	8,18	275	7	1
21	7,44	258	1	0
22	7,24	201	2	1
23	8,45	293	1	1
24	7,78	251	0	0
25	8,34	228	1	0
26      6,87    226     5       1
27      8,11    294     6       1
28      6,23    179     0       0
29      7,32    236     2       1
30      8,12    287     4       0